0.000000000000000000e+00 0.000000000000000000e+00 1.000000000000000000e+00
1.800000000000000000e+01 0.000000000000000000e+00 1.000000000000000000e+00
3.600000000000000000e+01 0.000000000000000000e+00 1.000000000000000000e+00
5.400000000000000000e+01 0.000000000000000000e+00 1.000000000000000000e+00
7.200000000000000000e+01 0.000000000000000000e+00 1.000000000000000000e+00
9.000000000000000000e+01 0.000000000000000000e+00 1.000000000000000000e+00
1.080000000000000000e+02 0.000000000000000000e+00 1.000000000000000000e+00
1.260000000000000000e+02 0.000000000000000000e+00 1.000000000000000000e+00
1.440000000000000000e+02 0.000000000000000000e+00 1.000000000000000000e+00
1.620000000000000000e+02 0.000000000000000000e+00 1.000000000000000000e+00
1.800000000000000000e+02 0.000000000000000000e+00 1.000000000000000000e+00
1.980000000000000000e+02 0.000000000000000000e+00 1.000000000000000000e+00
0.000000000000000000e+00 1.040000000000000000e+02 1.000000000000000000e+00
1.800000000000000000e+01 1.040000000000000000e+02 1.000000000000000000e+00
3.600000000000000000e+01 1.040000000000000000e+02 1.000000000000000000e+00
5.400000000000000000e+01 1.040000000000000000e+02 1.000000000000000000e+00
7.200000000000000000e+01 1.040000000000000000e+02 1.000000000000000000e+00
9.000000000000000000e+01 1.040000000000000000e+02 1.000000000000000000e+00
1.080000000000000000e+02 1.040000000000000000e+02 1.000000000000000000e+00
1.260000000000000000e+02 1.040000000000000000e+02 1.000000000000000000e+00
1.440000000000000000e+02 1.040000000000000000e+02 1.000000000000000000e+00
1.620000000000000000e+02 1.040000000000000000e+02 1.000000000000000000e+00
1.800000000000000000e+02 1.040000000000000000e+02 1.000000000000000000e+00
1.980000000000000000e+02 1.040000000000000000e+02 1.000000000000000000e+00
0.000000000000000000e+00 1.300000000000000000e+01 1.000000000000000000e+00
1.800000000000000000e+01 1.300000000000000000e+01 1.000000000000000000e+00
3.600000000000000000e+01 1.300000000000000000e+01 1.000000000000000000e+00
5.400000000000000000e+01 1.300000000000000000e+01 1.000000000000000000e+00
7.200000000000000000e+01 1.300000000000000000e+01 1.000000000000000000e+00
9.000000000000000000e+01 1.300000000000000000e+01 1.000000000000000000e+00
1.080000000000000000e+02 1.300000000000000000e+01 1.000000000000000000e+00
1.260000000000000000e+02 1.300000000000000000e+01 1.000000000000000000e+00
1.440000000000000000e+02 1.300000000000000000e+01 1.000000000000000000e+00
1.620000000000000000e+02 1.300000000000000000e+01 1.000000000000000000e+00
1.800000000000000000e+02 1.300000000000000000e+01 1.000000000000000000e+00
1.980000000000000000e+02 1.300000000000000000e+01 1.000000000000000000e+00
0.000000000000000000e+00 1.170000000000000000e+02 1.000000000000000000e+00
1.800000000000000000e+01 1.170000000000000000e+02 1.000000000000000000e+00
3.600000000000000000e+01 1.170000000000000000e+02 1.000000000000000000e+00
5.400000000000000000e+01 1.170000000000000000e+02 1.000000000000000000e+00
7.200000000000000000e+01 1.170000000000000000e+02 1.000000000000000000e+00
9.000000000000000000e+01 1.170000000000000000e+02 1.000000000000000000e+00
1.080000000000000000e+02 1.170000000000000000e+02 1.000000000000000000e+00
1.260000000000000000e+02 1.170000000000000000e+02 1.000000000000000000e+00
1.440000000000000000e+02 1.170000000000000000e+02 1.000000000000000000e+00
1.620000000000000000e+02 1.170000000000000000e+02 1.000000000000000000e+00
1.800000000000000000e+02 1.170000000000000000e+02 1.000000000000000000e+00
1.980000000000000000e+02 1.170000000000000000e+02 1.000000000000000000e+00
0.000000000000000000e+00 2.600000000000000000e+01 1.000000000000000000e+00
1.800000000000000000e+01 2.600000000000000000e+01 1.000000000000000000e+00
3.600000000000000000e+01 2.600000000000000000e+01 1.000000000000000000e+00
5.400000000000000000e+01 2.600000000000000000e+01 1.000000000000000000e+00
7.200000000000000000e+01 2.600000000000000000e+01 1.000000000000000000e+00
9.000000000000000000e+01 2.600000000000000000e+01 1.000000000000000000e+00
1.080000000000000000e+02 2.600000000000000000e+01 1.000000000000000000e+00
1.260000000000000000e+02 2.600000000000000000e+01 1.000000000000000000e+00
1.440000000000000000e+02 2.600000000000000000e+01 1.000000000000000000e+00
1.620000000000000000e+02 2.600000000000000000e+01 1.000000000000000000e+00
1.800000000000000000e+02 2.600000000000000000e+01 1.000000000000000000e+00
1.980000000000000000e+02 2.600000000000000000e+01 1.000000000000000000e+00
0.000000000000000000e+00 1.300000000000000000e+02 1.000000000000000000e+00
1.800000000000000000e+01 1.300000000000000000e+02 1.000000000000000000e+00
3.600000000000000000e+01 1.300000000000000000e+02 1.000000000000000000e+00
5.400000000000000000e+01 1.300000000000000000e+02 1.000000000000000000e+00
7.200000000000000000e+01 1.300000000000000000e+02 1.000000000000000000e+00
9.000000000000000000e+01 1.300000000000000000e+02 1.000000000000000000e+00
1.080000000000000000e+02 1.300000000000000000e+02 1.000000000000000000e+00
1.260000000000000000e+02 1.300000000000000000e+02 1.000000000000000000e+00
1.440000000000000000e+02 1.300000000000000000e+02 1.000000000000000000e+00
1.620000000000000000e+02 1.300000000000000000e+02 1.000000000000000000e+00
1.800000000000000000e+02 1.300000000000000000e+02 1.000000000000000000e+00
1.980000000000000000e+02 1.300000000000000000e+02 1.000000000000000000e+00
0.000000000000000000e+00 3.900000000000000000e+01 1.000000000000000000e+00
1.800000000000000000e+01 3.900000000000000000e+01 1.000000000000000000e+00
3.600000000000000000e+01 3.900000000000000000e+01 1.000000000000000000e+00
5.400000000000000000e+01 3.900000000000000000e+01 1.000000000000000000e+00
7.200000000000000000e+01 3.900000000000000000e+01 1.000000000000000000e+00
9.000000000000000000e+01 3.900000000000000000e+01 1.000000000000000000e+00
1.080000000000000000e+02 3.900000000000000000e+01 1.000000000000000000e+00
1.260000000000000000e+02 3.900000000000000000e+01 1.000000000000000000e+00
1.440000000000000000e+02 3.900000000000000000e+01 1.000000000000000000e+00
1.620000000000000000e+02 3.900000000000000000e+01 1.000000000000000000e+00
1.800000000000000000e+02 3.900000000000000000e+01 1.000000000000000000e+00
1.980000000000000000e+02 3.900000000000000000e+01 1.000000000000000000e+00
0.000000000000000000e+00 1.430000000000000000e+02 1.000000000000000000e+00
1.800000000000000000e+01 1.430000000000000000e+02 1.000000000000000000e+00
3.600000000000000000e+01 1.430000000000000000e+02 1.000000000000000000e+00
5.400000000000000000e+01 1.430000000000000000e+02 1.000000000000000000e+00
7.200000000000000000e+01 1.430000000000000000e+02 1.000000000000000000e+00
9.000000000000000000e+01 1.430000000000000000e+02 1.000000000000000000e+00
1.080000000000000000e+02 1.430000000000000000e+02 1.000000000000000000e+00
1.260000000000000000e+02 1.430000000000000000e+02 1.000000000000000000e+00
1.440000000000000000e+02 1.430000000000000000e+02 1.000000000000000000e+00
1.620000000000000000e+02 1.430000000000000000e+02 1.000000000000000000e+00
1.800000000000000000e+02 1.430000000000000000e+02 1.000000000000000000e+00
1.980000000000000000e+02 1.430000000000000000e+02 1.000000000000000000e+00
0.000000000000000000e+00 5.200000000000000000e+01 1.000000000000000000e+00
1.800000000000000000e+01 5.200000000000000000e+01 1.000000000000000000e+00
3.600000000000000000e+01 5.200000000000000000e+01 1.000000000000000000e+00
5.400000000000000000e+01 5.200000000000000000e+01 1.000000000000000000e+00
7.200000000000000000e+01 5.200000000000000000e+01 1.000000000000000000e+00
9.000000000000000000e+01 5.200000000000000000e+01 1.000000000000000000e+00
1.080000000000000000e+02 5.200000000000000000e+01 1.000000000000000000e+00
1.260000000000000000e+02 5.200000000000000000e+01 1.000000000000000000e+00
1.440000000000000000e+02 5.200000000000000000e+01 1.000000000000000000e+00
1.620000000000000000e+02 5.200000000000000000e+01 1.000000000000000000e+00
1.800000000000000000e+02 5.200000000000000000e+01 1.000000000000000000e+00
1.980000000000000000e+02 5.200000000000000000e+01 1.000000000000000000e+00
0.000000000000000000e+00 6.500000000000000000e+01 1.000000000000000000e+00
1.800000000000000000e+01 6.500000000000000000e+01 1.000000000000000000e+00
3.600000000000000000e+01 6.500000000000000000e+01 1.000000000000000000e+00
5.400000000000000000e+01 6.500000000000000000e+01 1.000000000000000000e+00
7.200000000000000000e+01 6.500000000000000000e+01 1.000000000000000000e+00
9.000000000000000000e+01 6.500000000000000000e+01 1.000000000000000000e+00
1.080000000000000000e+02 6.500000000000000000e+01 1.000000000000000000e+00
1.260000000000000000e+02 6.500000000000000000e+01 1.000000000000000000e+00
1.440000000000000000e+02 6.500000000000000000e+01 1.000000000000000000e+00
1.620000000000000000e+02 6.500000000000000000e+01 1.000000000000000000e+00
1.800000000000000000e+02 6.500000000000000000e+01 1.000000000000000000e+00
1.980000000000000000e+02 6.500000000000000000e+01 1.000000000000000000e+00
0.000000000000000000e+00 7.800000000000000000e+01 1.000000000000000000e+00
1.800000000000000000e+01 7.800000000000000000e+01 1.000000000000000000e+00
3.600000000000000000e+01 7.800000000000000000e+01 1.000000000000000000e+00
5.400000000000000000e+01 7.800000000000000000e+01 1.000000000000000000e+00
7.200000000000000000e+01 7.800000000000000000e+01 1.000000000000000000e+00
9.000000000000000000e+01 7.800000000000000000e+01 1.000000000000000000e+00
1.080000000000000000e+02 7.800000000000000000e+01 1.000000000000000000e+00
1.260000000000000000e+02 7.800000000000000000e+01 1.000000000000000000e+00
1.440000000000000000e+02 7.800000000000000000e+01 1.000000000000000000e+00
1.620000000000000000e+02 7.800000000000000000e+01 1.000000000000000000e+00
1.800000000000000000e+02 7.800000000000000000e+01 1.000000000000000000e+00
1.980000000000000000e+02 7.800000000000000000e+01 1.000000000000000000e+00
0.000000000000000000e+00 9.100000000000000000e+01 1.000000000000000000e+00
1.800000000000000000e+01 9.100000000000000000e+01 1.000000000000000000e+00
3.600000000000000000e+01 9.100000000000000000e+01 1.000000000000000000e+00
5.400000000000000000e+01 9.100000000000000000e+01 1.000000000000000000e+00
7.200000000000000000e+01 9.100000000000000000e+01 1.000000000000000000e+00
9.000000000000000000e+01 9.100000000000000000e+01 1.000000000000000000e+00
1.080000000000000000e+02 9.100000000000000000e+01 1.000000000000000000e+00
1.260000000000000000e+02 9.100000000000000000e+01 1.000000000000000000e+00
1.440000000000000000e+02 9.100000000000000000e+01 1.000000000000000000e+00
1.620000000000000000e+02 9.100000000000000000e+01 1.000000000000000000e+00
1.800000000000000000e+02 9.100000000000000000e+01 1.000000000000000000e+00
1.980000000000000000e+02 9.100000000000000000e+01 1.000000000000000000e+00
