4.912380000000000080e-01 1.975210000000000021e-01 6.733040000000000136e-01
4.905720000000000081e-01 1.983129999999999893e-01 6.741559999999999775e-01
4.891679999999999917e-01 1.988149999999999917e-01 6.739789999999999948e-01
4.879689999999999861e-01 1.980220000000000036e-01 6.734799999999999676e-01
4.855450000000000044e-01 1.966469999999999885e-01 6.730230000000000379e-01
4.849229999999999929e-01 1.979970000000000063e-01 6.732909999999999728e-01
4.840690000000000270e-01 1.976900000000000046e-01 6.734729999999999883e-01
4.820710000000000273e-01 1.972190000000000054e-01 6.731110000000000149e-01
4.812839999999999896e-01 1.978600000000000081e-01 6.737210000000000143e-01
4.800079999999999902e-01 1.978729999999999933e-01 6.738589999999999858e-01
4.786420000000000119e-01 1.974569999999999936e-01 6.736499999999999710e-01
4.776250000000000218e-01 1.975490000000000024e-01 6.733329999999999593e-01
4.912170000000000147e-01 1.889359999999999928e-01 6.770950000000000024e-01
4.905370000000000008e-01 1.898900000000000032e-01 6.778129999999999988e-01
4.891980000000000217e-01 1.887800000000000034e-01 6.770650000000000279e-01
4.876090000000000146e-01 1.905940000000000134e-01 6.782519999999999660e-01
4.872380000000000044e-01 1.890570000000000028e-01 6.770369999999999999e-01
4.851429999999999909e-01 1.894500000000000073e-01 6.773959999999999981e-01
4.841010000000000035e-01 1.886529999999999874e-01 6.770829999999999904e-01
4.827440000000000064e-01 1.894220000000000070e-01 6.776140000000000496e-01
4.811610000000000054e-01 1.894210000000000060e-01 6.771749999999999714e-01
4.803919999999999857e-01 1.899790000000000090e-01 6.780410000000000048e-01
4.788760000000000239e-01 1.887419999999999931e-01 6.773679999999999701e-01
4.776130000000000098e-01 1.890239999999999976e-01 6.779610000000000358e-01
4.921289999999999831e-01 1.959980000000000055e-01 6.736029999999999518e-01
4.899020000000000041e-01 1.964269999999999905e-01 6.735670000000000268e-01
4.886519999999999753e-01 1.969879999999999964e-01 6.741979999999999640e-01
4.868439999999999990e-01 1.961170000000000135e-01 6.734179999999999611e-01
4.860999999999999766e-01 1.961859999999999993e-01 6.736100000000000421e-01
4.845849999999999880e-01 1.967869999999999897e-01 6.739439999999999875e-01
4.839379999999999793e-01 1.978699999999999903e-01 6.747370000000000312e-01
4.829530000000000212e-01 1.977889999999999926e-01 6.743090000000000472e-01
4.811650000000000094e-01 1.963699999999999890e-01 6.738579999999999570e-01
4.799059999999999993e-01 1.973519999999999996e-01 6.742920000000000025e-01
4.789599999999999969e-01 1.986279999999999990e-01 6.751359999999999584e-01
4.773350000000000093e-01 1.965339999999999865e-01 6.734560000000000546e-01
4.912039999999999740e-01 1.887820000000000054e-01 6.777619999999999756e-01
4.900760000000000116e-01 1.879280000000000117e-01 6.775120000000000031e-01
4.890109999999999735e-01 1.889109999999999956e-01 6.781359999999999610e-01
4.879260000000000264e-01 1.878330000000000000e-01 6.780570000000000208e-01
4.860140000000000016e-01 1.878460000000000130e-01 6.778690000000000548e-01
4.852449999999999819e-01 1.873269999999999935e-01 6.770540000000000447e-01
4.836539999999999728e-01 1.879570000000000130e-01 6.781420000000000226e-01
4.824450000000000127e-01 1.876450000000000062e-01 6.780049999999999688e-01
4.813430000000000208e-01 1.875549999999999995e-01 6.777670000000000083e-01
4.799559999999999937e-01 1.887310000000000099e-01 6.785600000000000520e-01
4.782770000000000077e-01 1.870529999999999970e-01 6.777800000000000491e-01
4.774439999999999795e-01 1.881829999999999892e-01 6.784930000000000128e-01
4.912059999999999760e-01 1.974440000000000084e-01 6.753679999999999684e-01
4.902869999999999728e-01 1.958249999999999991e-01 6.743080000000000185e-01
4.885070000000000245e-01 1.956769999999999898e-01 6.742249999999999632e-01
4.875010000000000177e-01 1.955270000000000064e-01 6.745039999999999925e-01
4.862250000000000183e-01 1.959460000000000091e-01 6.746240000000000014e-01
4.851400000000000157e-01 1.948570000000000024e-01 6.744360000000000355e-01
4.844959999999999822e-01 1.961970000000000103e-01 6.748990000000000267e-01
4.824970000000000092e-01 1.954400000000000026e-01 6.744339999999999780e-01
4.813919999999999866e-01 1.954239999999999866e-01 6.744670000000000387e-01
4.799240000000000173e-01 1.952639999999999931e-01 6.744539999999999980e-01
4.791329999999999756e-01 1.967720000000000025e-01 6.751909999999999856e-01
4.774599999999999955e-01 1.949210000000000109e-01 6.743559999999999555e-01
4.917940000000000089e-01 1.873730000000000118e-01 6.780469999999999553e-01
4.911789999999999767e-01 1.860120000000000107e-01 6.769680000000000142e-01
4.892310000000000270e-01 1.873229999999999895e-01 6.782550000000000523e-01
4.867159999999999820e-01 1.855289999999999995e-01 6.778370000000000228e-01
4.871010000000000062e-01 1.880809999999999982e-01 6.789979999999999905e-01
4.861829999999999763e-01 1.857459999999999944e-01 6.773010000000000419e-01
4.849510000000000209e-01 1.870729999999999893e-01 6.781390000000000473e-01
4.823169999999999957e-01 1.876800000000000135e-01 6.786950000000000482e-01
4.809109999999999774e-01 1.869510000000000061e-01 6.786520000000000330e-01
4.805420000000000247e-01 1.867920000000000136e-01 6.783010000000000428e-01
4.798370000000000135e-01 1.767350000000000032e-01 6.738490000000000313e-01
4.781099999999999794e-01 1.862419999999999909e-01 6.782550000000000523e-01
4.920030000000000237e-01 1.952679999999999971e-01 6.754940000000000389e-01
4.903390000000000248e-01 1.948590000000000044e-01 6.753249999999999531e-01
4.886849999999999805e-01 1.934109999999999996e-01 6.748340000000000449e-01
4.873399999999999954e-01 1.941610000000000003e-01 6.749159999999999604e-01
4.865959999999999730e-01 1.941950000000000065e-01 6.747060000000000279e-01
4.851759999999999962e-01 1.952200000000000046e-01 6.755179999999999518e-01
4.824840000000000240e-01 1.935590000000000088e-01 6.746910000000000407e-01
4.832949999999999746e-01 1.939770000000000105e-01 6.746739999999999959e-01
4.816799999999999971e-01 1.950900000000000134e-01 6.755609999999999671e-01
4.799300000000000233e-01 1.949390000000000012e-01 6.755379999999999718e-01
4.787719999999999754e-01 1.951670000000000071e-01 6.755849999999999911e-01
4.777950000000000252e-01 1.950189999999999979e-01 6.755449999999999511e-01
4.918730000000000047e-01 1.855989999999999862e-01 6.783989999999999743e-01
4.901550000000000074e-01 1.852340000000000098e-01 6.782909999999999773e-01
4.893170000000000019e-01 1.864129999999999954e-01 6.784829999999999472e-01
4.875320000000000209e-01 1.862810000000000021e-01 6.783709999999999463e-01
4.861440000000000206e-01 1.861750000000000071e-01 6.791479999999999739e-01
4.866500000000000270e-01 1.846069999999999933e-01 6.778530000000000388e-01
4.837009999999999921e-01 1.854870000000000130e-01 6.787189999999999612e-01
4.831179999999999919e-01 1.853420000000000067e-01 6.781960000000000210e-01
4.815849999999999853e-01 1.857540000000000024e-01 6.789629999999999832e-01
4.801219999999999932e-01 1.841319999999999901e-01 6.780220000000000136e-01
4.783459999999999934e-01 1.854079999999999895e-01 6.791660000000000474e-01
4.774089999999999723e-01 1.856760000000000077e-01 6.787860000000000005e-01
4.916320000000000134e-01 1.943370000000000097e-01 6.757830000000000226e-01
4.902590000000000003e-01 1.944480000000000097e-01 6.755360000000000253e-01
4.889049999999999785e-01 1.927560000000000107e-01 6.752850000000000241e-01
4.870760000000000089e-01 1.934170000000000056e-01 6.754700000000000149e-01
4.862830000000000208e-01 1.934649999999999981e-01 6.757940000000000058e-01
4.849519999999999942e-01 1.941859999999999975e-01 6.754719999999999613e-01
4.840450000000000030e-01 1.933539999999999981e-01 6.751829999999999776e-01
4.825720000000000010e-01 1.953020000000000034e-01 6.770089999999999719e-01
4.807080000000000242e-01 1.934240000000000126e-01 6.752350000000000296e-01
4.804470000000000129e-01 1.936890000000000001e-01 6.754580000000000028e-01
4.786790000000000211e-01 1.941199999999999870e-01 6.760450000000000070e-01
4.779430000000000067e-01 1.934700000000000031e-01 6.750950000000000006e-01
4.908689999999999998e-01 1.926209999999999867e-01 6.759720000000000173e-01
4.898150000000000004e-01 1.928900000000000059e-01 6.758739999999999748e-01
4.886559999999999793e-01 1.923199999999999910e-01 6.759330000000000060e-01
4.875880000000000214e-01 1.930310000000000081e-01 6.763489999999999780e-01
4.862170000000000103e-01 1.924819999999999864e-01 6.761549999999999505e-01
4.852380000000000027e-01 1.929329999999999934e-01 6.760049999999999670e-01
4.843830000000000080e-01 1.922649999999999915e-01 6.761540000000000328e-01
4.844390000000000085e-01 1.925810000000000022e-01 6.759420000000000428e-01
4.814519999999999911e-01 1.928769999999999929e-01 6.766170000000000240e-01
4.798970000000000180e-01 1.923330000000000040e-01 6.759269999999999445e-01
4.786369999999999791e-01 1.920810000000000017e-01 6.761759999999999993e-01
4.776770000000000183e-01 1.924579999999999902e-01 6.760070000000000245e-01
4.919379999999999864e-01 1.918050000000000033e-01 6.766339999999999577e-01
4.903620000000000201e-01 1.918159999999999865e-01 6.767260000000000497e-01
4.882650000000000046e-01 1.911609999999999976e-01 6.763559999999999572e-01
4.862560000000000215e-01 1.918749999999999900e-01 6.772439999999999571e-01
4.868310000000000137e-01 1.914109999999999978e-01 6.764999999999999902e-01
4.852029999999999954e-01 1.914099999999999968e-01 6.763900000000000468e-01
4.839240000000000208e-01 1.906869999999999954e-01 6.761190000000000255e-01
4.818689999999999918e-01 1.892429999999999946e-01 6.751420000000000199e-01
4.806309999999999749e-01 1.897149999999999948e-01 6.755769999999999831e-01
4.800940000000000207e-01 1.909059999999999924e-01 6.761800000000000033e-01
4.789530000000000176e-01 1.915509999999999990e-01 6.772420000000000107e-01
4.772489999999999788e-01 1.905249999999999999e-01 6.760230000000000405e-01
4.912520000000000220e-01 1.898579999999999990e-01 6.765919999999999712e-01
4.902090000000000058e-01 1.904879999999999907e-01 6.772679999999999811e-01
4.888979999999999992e-01 1.901869999999999949e-01 6.767410000000000370e-01
4.903020000000000156e-01 1.912860000000000116e-01 6.771169999999999689e-01
4.867520000000000180e-01 1.895439999999999903e-01 6.765719999999999512e-01
4.854570000000000274e-01 1.894019999999999870e-01 6.763649999999999940e-01
4.840360000000000218e-01 1.896100000000000008e-01 6.768859999999999877e-01
4.827230000000000132e-01 1.907939999999999914e-01 6.775520000000000431e-01
4.812350000000000239e-01 1.894460000000000033e-01 6.770190000000000374e-01
4.795159999999999978e-01 1.891780000000000128e-01 6.764179999999999637e-01
4.790920000000000178e-01 1.904990000000000017e-01 6.776739999999999986e-01
4.775719999999999965e-01 1.909980000000000011e-01 6.777400000000000091e-01
